CC = cc
CFLAGS = -Wall -Wextra -Werror -g -fsanitize=address
CLIB_DIR = libft
CLIB = ft

NAME = push_swap
BONUS_NAME = checker
SRCS = main.c input.c sort.c move_to_positions.c utils.c clean.c
RULES_DIR = rules/
RULES_SRCS = rules_push.c rules_swap.c rules_rotate.c rules_rev_rotate.c
ALGO_DIR = algo/
ALGO_SRCS = sort_rank_three_four.c sort_rank_five.c sort_low_rank.c insertion_sort.c group_sort.c push_back_groups.c
BONUS_DIR = bonus/
BONUS_SRCS = main_bonus.c input_bonus.c read_instructions_bonus.c utils_bonus.c \
	rules_push_bonus.c rules_swap_bonus.c rules_rotate_bonus.c rules_rev_rotate_bonus.c
HEAD = push_swap.h
BONUS_HEAD = checker_bonus.h

NAMES = $(NAME) $(BONUS_NAME)
RULES_SRCS := $(addprefix $(RULES_DIR), $(RULES_SRCS))
ALGO_SRCS := $(addprefix $(ALGO_DIR), $(ALGO_SRCS))
BONUS_SRCS := $(addprefix $(BONUS_DIR), $(BONUS_SRCS))
BONUS_HEAD := $(addprefix $(BONUS_DIR), $(BONUS_HEAD))
OBJS = $(SRCS:.c=.o) $(RULES_SRCS:.c=.o) $(ALGO_SRCS:.c=.o)
BONUS_OBJS = $(BONUS_SRCS:.c=.o)

ARG1 = 2 1 3 6 5 8
ARG2 = 0 one 2 3
ARG3 = 4 67 3 87 23
ARG4_5 = 42 100
ARG5_5 = 100 42
ARG1_100 = 46 18 83 55 72 20 49 61 45 75 88 94 22 87 62 53 17 35 100 25 9 13 90 95 64 47 57 29 85 12 51 14 10 31 5 69 21 24 11 43 58 92 70 41 36 8 44 73 71 39 32 63 82 3 99 16 15 54 65 1 97 84 67 48 33 42 38 34 77 56 79 60 27 40 37 98 6 28 66 86 50 26 74 7 80 19 59 96 68 2 76 78 81 52 30 89 91 23 93 4
ARG2_100 = 54 93 81 33 51 82 76 31 64 41 92 25 66 27 74 11 99 1 62 35 87 26 45 52 95 63 77 70 91 55 21 65 85 40 10 96 23 75 80 94 15 39 100 5 14 13 43 57 12 32 20 49 72 71 34 4 24 2 98 69 68 97 60 47 38 53 16 3 79 18 50 83 37 8 19 67 28 7 48 30 44 22 61 59 42 56 36 29 6 17 84 89 90 86 88 46 78 58 9 73
ARG3_100 = 100 99 98 97 96 95 94 93 92 91 90 89 88 87 86 85 84 83 82 81 80 79 78 77 76 75 74 73 72 71 70 69 68 67 66 64 63 62 61 60 59 58 57 56 55 54 53 52 51 50 49 48 47 46 45 44 43 42 41 40 39 38 37 36 35 34 33 32 31 30 29 28 27 26 25 24 23 22 21 20 19 18 17 16 15 14 13 12 11 10 9 8 7 6 5 4 3 2 1 0
ARG4_100 = 0 1 2 3 4 5 6 7 8 9 10 11 12 13 14 15 16 17 18 19 20 21 22 23 24 25 26 27 28 29 30 31 32 33 34 35 36 37 38 39 40 41 42 43 44 45 46 47 48 49 50 51 52 53 54 55 56 57 58 59 60 61 62 63 64 65 66 67 68 69 70 71 72 73 74 75 76 77 78 79 80 81 83 84 85 86 87 88 89 90 91 92 93 94 95 96 97 98 99 100
ARG1_500 = 23 59 219 371 35 211 480 155 394 221 213 463 305 312 248 125 452 281 29 498 137 169 47 99 86 348 397 83 222 470 358 123 28 49 249 227 444 110 338 107 485 302 408 55 300 263 492 383 255 78 3 7 336 363 14 379 436 491 307 197 315 202 437 21 451 97 258 102 217 77 274 434 25 357 416 121 94 275 472 421 2 257 118 422 392 466 381 293 74 414 473 120 458 105 301 366 484 370 368 286 214 390 285 53 430 89 256 95 349 162 24 109 11 230 400 234 106 205 168 494 403 420 150 413 490 124 465 247 122 269 117 309 314 27 464 495 182 223 417 133 335 426 9 459 142 372 116 108 145 238 310 287 220 38 460 369 243 279 405 210 48 250 261 443 453 289 65 179 328 270 141 362 138 90 198 131 346 215 489 264 31 290 407 114 329 208 428 226 190 446 259 88 488 311 374 87 401 246 331 373 44 134 72 13 402 418 330 127 199 447 337 316 113 344 435 130 140 70 468 165 62 41 180 438 156 361 425 45 262 233 183 85 151 195 172 184 389 462 16 189 296 266 479 209 288 467 163 386 218 237 352 225 454 282 347 149 174 294 119 152 406 1 448 185 203 207 332 326 432 322 112 321 19 375 166 73 350 318 393 4 204 469 30 359 232 477 456 284 15 360 194 111 354 493 175 497 128 57 103 201 297 431 410 272 487 341 187 144 154 84 181 419 129 52 365 445 98 384 96 231 267 327 12 64 276 71 486 170 399 265 17 26 278 240 43 429 239 34 60 79 356 91 251 345 343 58 496 147 66 228 342 81 478 483 449 319 353 157 377 273 10 216 325 171 161 461 308 380 191 33 391 192 61 280 5 291 442 188 395 254 409 63 46 382 388 40 411 69 115 457 178 439 193 306 474 334 39 424 143 37 303 67 355 54 50 8 351 298 387 364 92 252 212 427 32 339 385 6 75 68 471 18 241 135 139 200 126 260 148 313 158 295 242 196 76 433 292 82 440 333 283 36 398 229 323 42 93 20 455 101 500 206 268 167 475 153 499 173 22 320 481 423 450 271 415 177 56 299 340 396 146 176 404 186 482 80 253 236 132 304 441 412 159 378 245 376 324 244 317 367 160 100 224 476 51 104 277 136 164 235
ARG2_500 = 278 119 145 83 134 307 234 63 293 417 151 434 479 441 324 161 442 267 235 196 391 466 318 197 175 172 333 144 27 304 183 16 405 109 239 98 163 467 104 105 186 191 15 446 321 206 250 133 143 181 261 407 102 330 382 233 395 228 244 303 116 47 60 66 174 323 483 409 371 220 210 482 399 81 384 327 495 216 19 286 427 93 365 11 78 287 58 113 249 378 306 87 403 39 32 20 402 150 40 279 375 169 99 435 243 444 332 10 357 312 26 397 118 424 74 247 342 123 12 156 14 419 41 301 425 121 215 447 122 490 457 124 177 372 168 475 362 367 112 166 462 349 135 242 388 138 381 229 130 72 420 275 42 231 383 213 364 297 89 272 13 230 101 23 190 54 114 167 322 158 401 443 450 271 422 127 251 291 222 415 299 317 336 355 22 400 480 326 92 25 354 459 343 44 120 298 408 366 360 438 214 268 389 154 227 406 259 485 496 309 472 413 386 17 280 392 338 38 498 24 33 416 140 311 432 468 211 205 339 294 137 497 107 350 493 67 46 152 128 160 117 296 173 184 35 283 316 97 315 61 369 176 484 241 274 387 328 331 289 428 345 376 201 492 248 68 412 52 125 352 37 281 476 147 463 439 108 465 469 162 129 348 43 71 264 351 358 300 494 390 5 193 80 499 94 263 319 449 433 36 84 423 340 204 436 455 132 146 448 347 320 329 246 440 225 4 171 207 199 458 270 258 226 260 282 55 292 394 500 96 481 454 470 76 73 314 2 136 237 473 155 53 88 203 194 180 57 185 189 334 9 488 380 266 212 223 478 85 192 103 431 236 1 310 126 153 257 325 31 82 65 295 337 265 90 398 3 430 256 131 379 188 393 198 95 51 217 308 370 34 284 86 368 70 29 209 335 100 414 106 255 7 21 346 187 221 277 159 179 141 477 8 437 410 377 426 464 460 461 396 285 486 429 208 30 363 218 411 418 79 491 240 165 252 232 273 157 111 373 313 75 341 77 262 115 18 487 56 178 353 474 50 48 6 471 344 195 91 404 45 64 69 290 200 452 253 148 142 359 49 182 276 59 453 302 245 28 170 288 356 305 451 374 445 361 421 219 139 238 149 456 269 164 489 224 202 254 385 62 110
ARG3_500 = 500 499 498 497 496 495 494 493 492 491 490 489 488 487 486 485 484 483 482 481 480 479 478 477 476 475 474 473 472 471 470 469 468 467 466 465 464 463 462 461 460 459 458 457 456 455 454 453 452 451 450 449 448 447 446 445 444 443 442 441 440 439 438 437 436 435 434 433 432 431 430 429 428 427 426 425 424 423 422 421 420 419 418 417 416 415 414 413 412 411 410 409 408 407 406 405 404 403 402 401 400 399 398 397 396 395 394 393 392 391 390 389 388 387 386 385 384 383 382 381 380 379 378 377 376 375 374 373 372 371 370 369 368 367 366 365 364 363 362 361 360 359 358 357 356 355 354 353 352 351 350 349 348 347 346 345 344 343 342 341 340 339 338 337 336 335 334 333 332 331 330 329 328 327 326 325 324 323 322 321 320 319 318 317 316 315 314 313 312 311 310 309 308 307 306 305 304 303 302 301 300 299 298 297 296 295 294 293 292 291 290 289 288 287 286 285 284 283 282 281 280 279 278 277 276 275 274 273 272 271 270 269 268 267 266 265 264 263 262 261 260 259 258 257 256 255 254 253 252 251 250 249 247 246 245 244 243 242 241 240 239 238 237 236 235 234 233 232 231 230 229 228 227 226 225 224 223 222 221 220 219 218 217 216 215 214 213 212 211 210 209 208 207 206 205 204 203 202 201 200 199 198 197 196 195 194 193 192 191 190 189 188 187 186 185 184 183 182 181 180 179 178 177 176 175 174 173 172 171 170 169 168 167 166 165 164 163 162 161 160 159 158 157 156 155 154 153 152 151 150 149 148 147 146 145 144 143 142 141 140 139 138 137 136 135 134 133 132 131 130 129 128 127 126 125 124 123 122 121 120 119 118 117 116 115 114 113 112 111 110 109 108 107 106 105 104 103 102 101 100 99 98 97 96 95 94 93 92 91 90 89 88 87 86 85 84 83 82 81 80 79 78 77 76 75 74 73 72 71 70 69 68 67 66 65 64 63 62 61 60 59 58 57 56 55 54 53 52 51 50 49 48 47 46 45 44 43 42 41 40 39 38 37 36 35 34 33 32 31 30 29 28 27 26 25 24 23 22 21 20 19 18 17 16 15 14 13 12 11 10 9 8 7 6 5 4 3 2 1 0
ARG4_500 = 0 1 2 3 4 5 6 7 8 9 10 11 12 13 14 15 16 17 18 19 20 21 22 23 24 25 26 27 28 29 30 31 32 33 34 35 36 37 38 39 40 41 42 43 44 45 46 47 48 49 50 51 52 53 54 55 56 57 58 59 60 61 62 63 64 65 66 67 68 69 70 71 72 73 74 75 76 77 78 79 80 81 82 83 84 85 86 87 88 89 90 91 92 93 94 95 96 97 98 99 100 101 102 103 104 105 106 107 108 109 110 111 112 113 114 115 116 117 118 119 120 121 122 123 124 125 126 127 128 129 130 131 132 133 134 135 136 137 138 139 140 141 142 143 144 145 146 147 148 149 150 151 152 153 154 155 156 157 158 159 160 161 162 163 164 165 166 167 168 169 170 171 172 173 174 175 176 177 178 179 180 181 182 183 184 185 186 187 188 189 190 191 192 193 194 195 196 197 198 199 200 201 202 203 204 205 206 207 208 209 210 211 212 213 214 215 216 217 218 219 220 221 222 223 224 225 226 227 228 229 230 231 232 233 234 235 236 237 238 239 240 241 242 243 244 245 246 247 248 249 250 251 252 253 254 255 256 257 258 259 260 261 262 263 264 265 266 267 268 269 270 271 272 273 274 275 276 277 278 279 280 281 282 283 284 285 286 287 288 289 290 291 292 293 294 295 296 297 298 299 300 301 302 303 304 305 306 307 308 309 310 311 312 313 314 315 316 317 318 319 320 321 322 323 324 325 326 327 328 329 330 331 332 333 334 335 336 337 338 339 340 341 342 343 344 345 346 347 348 349 350 351 352 353 354 355 356 357 358 359 360 361 362 363 364 365 366 367 368 370 371 372 373 374 375 376 377 378 379 380 381 382 383 384 385 386 387 388 389 390 391 392 393 394 395 396 397 398 399 400 401 402 403 404 405 406 407 408 409 410 411 412 413 414 415 416 417 418 419 420 421 422 423 424 425 426 427 428 429 430 431 432 433 434 435 436 437 438 439 440 441 442 443 444 445 446 447 448 449 450 451 452 453 454 455 456 457 458 459 460 461 462 463 464 465 466 467 468 469 470 471 472 473 474 475 476 477 478 479 480 481 482 483 484 485 486 487 488 489 490 491 492 493 494 495 496 497 498 499 500

ARG1_BONUS = 3 2 one 0
ARG2_BONUS = "" 1

.PHONY: all clean fclean re bonus run run_bonus norm memleak memleak_bonus

all: $(NAMES)

$(NAME): $(OBJS) $(HEAD)
	make -C $(CLIB_DIR)
	$(CC) $(CFLAGS) -o $@ $^ -L$(CLIB_DIR) -l$(CLIB)

$(BONUS_NAME): $(BONUS_OBJS) $(BONUS_HEAD)
	make -C $(CLIB_DIR)
	$(CC) $(CFLAGS) -o $@ $^ -L$(CLIB_DIR) -l$(CLIB)

clean:
	find . -name '*.o' -type f -delete
	find . -name '*.a' -type f -delete

fclean: clean
	rm -f $(NAMES)

re: fclean all

bonus: $(BONUS_NAME)

run: $(NAME) $(BONUS_NAME)
	-./$<
	-./$< $(ARG1)
	-./$< $(ARG1) | ./$(BONUS_NAME) $(ARG1)
	-./$< $(ARG2)
	-./$< $(ARG3) | wc -l
	-./$< $(ARG3) | ./$(BONUS_NAME) $(ARG3)
	-./$< $(ARG4_5) | wc -l
	-./$< $(ARG4_5) | ./$(BONUS_NAME) $(ARG4_5)
	-./$< $(ARG5_5) | wc -l
	-./$< $(ARG5_5) | ./$(BONUS_NAME) $(ARG5_5)
	-./$< $(ARG1_100) | wc -l
	-./$< $(ARG1_100) | ./$(BONUS_NAME) $(ARG1_100)
	-./$< $(ARG2_100) | wc -l
	-./$< $(ARG2_100) | ./$(BONUS_NAME) $(ARG2_100)
	-./$< $(ARG3_100) | wc -l
	-./$< $(ARG3_100) | ./$(BONUS_NAME) $(ARG3_100)
	-./$< $(ARG4_100) | wc -l
	-./$< $(ARG4_100) | ./$(BONUS_NAME) $(ARG4_100)
	-./$< $(ARG1_500) | wc -l
	-./$< $(ARG1_500) | ./$(BONUS_NAME) $(ARG1_500)
	-./$< $(ARG2_500) | wc -l
	-./$< $(ARG2_500) | ./$(BONUS_NAME) $(ARG2_500)
	-./$< $(ARG3_500) | wc -l
	-./$< $(ARG3_500) | ./$(BONUS_NAME) $(ARG3_500)
	-./$< $(ARG4_500) | wc -l
	-./$< $(ARG4_500) | ./$(BONUS_NAME) $(ARG4_500)

run_bonus: $(BONUS_NAME) $(NAME)
	-./$(NAME) $(ARG) | ./$< $(ARG)
	-./$< $(ARG1_BONUS)
	-./$< $(ARG2_BONUS)

norm:
	norminette

memleak: $(NAME)
	valgrind -s --leak-check=full --show-leak-kinds=all ./$< $(ARG)

memleak_bonus: $(BONUS_NAME) $(NAME)
	valgrind -s --leak-check=full --show-leak-kinds=all ./$(NAME) $(ARG) | ./$< $(ARG)

# Thorough teting


test_rank2: $(NAME) $(BONUS_NAME)
	-ARG="1 2"; ./$< $$ARG | wc -l > test_2.log
	-ARG="1 2"; ./$< $$ARG | ./$(BONUS_NAME) $$ARG >> test_2.log
	-ARG="2 1"; ./$< $$ARG | wc -l >> test_2.log
	-ARG="2 1"; ./$< $$ARG | ./$(BONUS_NAME) $$ARG >> test_2.log

test_rank3: $(NAME) $(BONUS_NAME)
	-ARG="1 2 3"; ./$< $$ARG | wc -l > test_3.log
	-ARG="1 2 3"; ./$< $$ARG | ./$(BONUS_NAME) $$ARG >> test_3.log
	-ARG="1 3 2"; ./$< $$ARG | wc -l >> test_3.log
	-ARG="1 3 2"; ./$< $$ARG | ./$(BONUS_NAME) $$ARG >> test_3.log
	-ARG="2 1 3"; ./$< $$ARG | wc -l >> test_3.log
	-ARG="2 1 3"; ./$< $$ARG | ./$(BONUS_NAME) $$ARG >> test_3.log
	-ARG="2 3 1"; ./$< $$ARG | wc -l >> test_3.log
	-ARG="2 3 1"; ./$< $$ARG | ./$(BONUS_NAME) $$ARG >> test_3.log
	-ARG="3 1 2"; ./$< $$ARG | wc -l >> test_3.log
	-ARG="3 1 2"; ./$< $$ARG | ./$(BONUS_NAME) $$ARG >> test_3.log
	-ARG="3 2 1"; ./$< $$ARG | wc -l >> test_3.log
	-ARG="3 2 1"; ./$< $$ARG | ./$(BONUS_NAME) $$ARG >> test_3.log

test_rank4: $(NAME) $(BONUS_NAME)
	-ARG="1 2 3 4"; ./$< $$ARG | wc -l > test_4.log
	-ARG="1 2 4 3"; ./$< $$ARG | ./$(BONUS_NAME) $$ARG >> test_4.log
	-ARG="1 3 2 4"; ./$< $$ARG | wc -l >> test_4.log
	-ARG="1 3 2 4"; ./$< $$ARG | ./$(BONUS_NAME) $$ARG >> test_4.log
	-ARG="1 3 4 2"; ./$< $$ARG | wc -l >> test_4.log
	-ARG="1 3 4 2"; ./$< $$ARG | ./$(BONUS_NAME) $$ARG >> test_4.log
	-ARG="1 4 2 3"; ./$< $$ARG | wc -l >> test_4.log
	-ARG="1 4 2 3"; ./$< $$ARG | ./$(BONUS_NAME) $$ARG >> test_4.log
	-ARG="1 4 3 2"; ./$< $$ARG | wc -l >> test_4.log
	-ARG="1 4 3 2"; ./$< $$ARG | ./$(BONUS_NAME) $$ARG >> test_4.log
	-ARG="2 1 3 4"; ./$< $$ARG | wc -l >> test_4.log
	-ARG="2 1 3 4"; ./$< $$ARG | ./$(BONUS_NAME) $$ARG >> test_4.log
	-ARG="2 1 4 3"; ./$< $$ARG | wc -l >> test_4.log
	-ARG="2 1 4 3"; ./$< $$ARG | ./$(BONUS_NAME) $$ARG >> test_4.log
	-ARG="2 3 1 4"; ./$< $$ARG | wc -l >> test_4.log
	-ARG="2 3 1 4"; ./$< $$ARG | ./$(BONUS_NAME) $$ARG >> test_4.log
	-ARG="2 3 4 1"; ./$< $$ARG | wc -l >> test_4.log
	-ARG="2 3 4 1"; ./$< $$ARG | ./$(BONUS_NAME) $$ARG >> test_4.log
	-ARG="2 4 1 3"; ./$< $$ARG | wc -l >> test_4.log
	-ARG="2 4 1 3"; ./$< $$ARG | ./$(BONUS_NAME) $$ARG >> test_4.log
	-ARG="2 4 3 1"; ./$< $$ARG | wc -l >> test_4.log
	-ARG="2 4 3 1"; ./$< $$ARG | ./$(BONUS_NAME) $$ARG >> test_4.log
	-ARG="3 2 1 4"; ./$< $$ARG | wc -l >> test_4.log
	-ARG="3 2 1 4"; ./$< $$ARG | ./$(BONUS_NAME) $$ARG >> test_4.log
	-ARG="3 2 4 1"; ./$< $$ARG | wc -l >> test_4.log
	-ARG="3 2 4 1"; ./$< $$ARG | ./$(BONUS_NAME) $$ARG >> test_4.log
	-ARG="3 1 2 4"; ./$< $$ARG | wc -l >> test_4.log
	-ARG="3 1 2 4"; ./$< $$ARG | ./$(BONUS_NAME) $$ARG >> test_4.log
	-ARG="3 1 4 2"; ./$< $$ARG | wc -l >> test_4.log
	-ARG="3 1 4 2"; ./$< $$ARG | ./$(BONUS_NAME) $$ARG >> test_4.log
	-ARG="3 4 2 1"; ./$< $$ARG | wc -l >> test_4.log
	-ARG="3 4 2 1"; ./$< $$ARG | ./$(BONUS_NAME) $$ARG >> test_4.log
	-ARG="3 4 1 2"; ./$< $$ARG | wc -l >> test_4.log
	-ARG="3 4 1 2"; ./$< $$ARG | ./$(BONUS_NAME) $$ARG >> test_4.log
	-ARG="4 2 3 1"; ./$< $$ARG | wc -l >> test_4.log
	-ARG="4 2 3 1"; ./$< $$ARG | ./$(BONUS_NAME) $$ARG >> test_4.log
	-ARG="4 2 1 3"; ./$< $$ARG | wc -l >> test_4.log
	-ARG="4 2 1 3"; ./$< $$ARG | ./$(BONUS_NAME) $$ARG >> test_4.log
	-ARG="4 3 2 1"; ./$< $$ARG | wc -l >> test_4.log
	-ARG="4 3 2 1"; ./$< $$ARG | ./$(BONUS_NAME) $$ARG >> test_4.log
	-ARG="4 3 1 2"; ./$< $$ARG | wc -l >> test_4.log
	-ARG="4 3 1 2"; ./$< $$ARG | ./$(BONUS_NAME) $$ARG >> test_4.log
	-ARG="4 1 2 3"; ./$< $$ARG | wc -l >> test_4.log
	-ARG="4 1 2 3"; ./$< $$ARG | ./$(BONUS_NAME) $$ARG >> test_4.log
	-ARG="4 1 3 2"; ./$< $$ARG | wc -l >> test_4.log
	-ARG="4 1 3 2"; ./$< $$ARG | ./$(BONUS_NAME) $$ARG >> test_4.log

